0, 1, (1557, 1719, 781, 1079)
1, 1, (235, 305, 363, 546)
2, 1, (1336, 1457, 531, 845)
3, 1, (1159, 1319, 961, 1080)
4, 1, (1664, 1766, 583, 831)
5, 1, (1419, 1498, 513, 781)
6, 1, (1740, 1807, 367, 516)
0, 2, (1557, 1719, 781, 1079)
1, 2, (240, 307, 362, 543)
2, 2, (1333, 1456, 532, 849)
3, 2, (1159, 1319, 961, 1080)
4, 2, (1659, 1764, 580, 833)
5, 2, (1416, 1497, 513, 777)
6, 2, (1739, 1809, 364, 517)
7, 2, (979, 1014, 286, 376)
0, 3, (1557, 1720, 781, 1079)
1, 3, (248, 311, 358, 538)
2, 3, (1331, 1454, 535, 850)
3, 3, (1159, 1319, 961, 1080)
4, 3, (1655, 1764, 576, 833)
5, 3, (1414, 1496, 513, 781)
6, 3, (1739, 1809, 363, 517)
7, 3, (981, 1012, 287, 377)
0, 4, (1557, 1721, 781, 1079)
1, 4, (252, 314, 355, 528)
2, 4, (1329, 1452, 536, 853)
3, 4, (1159, 1319, 961, 1080)
4, 4, (1646, 1762, 581, 834)
5, 4, (1414, 1494, 514, 786)
6, 4, (1739, 1809, 363, 517)
7, 4, (981, 1012, 287, 377)
0, 5, (1557, 1722, 781, 1079)
1, 5, (255, 319, 356, 510)
2, 5, (1329, 1453, 532, 852)
3, 5, (1159, 1319, 961, 1080)
4, 5, (1640, 1762, 586, 835)
5, 5, (1414, 1494, 515, 790)
6, 5, (1739, 1809, 363, 517)
7, 5, (982, 1011, 290, 376)
0, 6, (1557, 1721, 781, 1079)
1, 6, (261, 320, 355, 497)
2, 6, (1327, 1453, 534, 853)
3, 6, (1159, 1319, 962, 1080)
4, 6, (1647, 1764, 584, 836)
5, 6, (1413, 1495, 517, 798)
6, 6, (1739, 1809, 363, 517)
7, 6, (981, 1011, 290, 376)
0, 7, (1557, 1718, 781, 1079)
1, 7, (267, 323, 355, 489)
2, 7, (1324, 1455, 532, 851)
3, 7, (1159, 1319, 962, 1080)
4, 7, (1653, 1764, 569, 822)
5, 7, (1412, 1498, 517, 802)
6, 7, (1739, 1809, 363, 517)
7, 7, (982, 1011, 293, 376)
0, 8, (1557, 1719, 781, 1079)
1, 8, (273, 328, 358, 484)
2, 8, (1321, 1456, 531, 848)
3, 8, (1159, 1319, 962, 1080)
4, 8, (1650, 1763, 574, 821)
5, 8, (1411, 1495, 518, 813)
6, 8, (1740, 1807, 366, 516)
7, 8, (982, 1012, 293, 376)
0, 9, (1557, 1717, 781, 1079)
1, 9, (280, 336, 357, 478)
2, 9, (1321, 1456, 532, 847)
3, 9, (1160, 1319, 963, 1080)
4, 9, (1648, 1761, 574, 821)
5, 9, (1412, 1494, 520, 821)
6, 9, (1740, 1807, 366, 516)
7, 9, (982, 1012, 294, 375)
0, 10, (1557, 1712, 780, 1079)
1, 10, (284, 340, 360, 469)
2, 10, (1321, 1457, 531, 849)
3, 10, (1160, 1319, 963, 1080)
4, 10, (1649, 1758, 579, 820)
5, 10, (1413, 1496, 521, 817)
6, 10, (1740, 1807, 366, 516)
7, 10, (981, 1012, 292, 374)
0, 11, (1557, 1716, 780, 1079)
1, 11, (289, 346, 359, 467)
2, 11, (1319, 1452, 532, 848)
3, 11, (1160, 1319, 963, 1080)
4, 11, (1650, 1759, 580, 819)
5, 11, (1411, 1492, 524, 823)
6, 11, (1739, 1809, 363, 517)
7, 11, (981, 1013, 289, 374)
0, 12, (1557, 1714, 781, 1079)
1, 12, (294, 353, 358, 465)
2, 12, (1318, 1451, 533, 851)
3, 12, (1160, 1318, 963, 1080)
4, 12, (1651, 1757, 588, 818)
5, 12, (1411, 1491, 525, 820)
6, 12, (1739, 1809, 363, 517)
7, 12, (981, 1013, 290, 376)
8, 12, (1617, 1709, 504, 756)
0, 13, (1557, 1713, 781, 1079)
1, 13, (301, 356, 356, 463)
2, 13, (1318, 1451, 533, 851)
3, 13, (1159, 1318, 964, 1080)
4, 13, (1648, 1757, 598, 815)
5, 13, (1413, 1490, 525, 824)
6, 13, (1740, 1807, 366, 516)
7, 13, (980, 1013, 289, 376)
8, 13, (1617, 1709, 504, 756)
0, 14, (1557, 1713, 780, 1079)
1, 14, (305, 363, 351, 463)
2, 14, (1316, 1451, 534, 859)
3, 14, (1159, 1319, 964, 1080)
4, 14, (1652, 1753, 592, 818)
5, 14, (1413, 1490, 528, 819)
6, 14, (1741, 1808, 365, 516)
7, 14, (980, 1013, 290, 377)
8, 14, (1609, 1716, 504, 761)
0, 15, (1557, 1714, 780, 1079)
1, 15, (310, 368, 348, 460)
2, 15, (1314, 1449, 534, 863)
3, 15, (1159, 1318, 964, 1080)
4, 15, (1648, 1749, 592, 822)
5, 15, (1413, 1490, 530, 830)
6, 15, (1741, 1808, 366, 516)
7, 15, (979, 1013, 288, 377)
8, 15, (1608, 1715, 504, 761)
0, 16, (1557, 1717, 781, 1079)
1, 16, (314, 380, 350, 464)
2, 16, (1312, 1448, 536, 870)
3, 16, (1159, 1319, 964, 1080)
4, 16, (1644, 1744, 590, 823)
5, 16, (1412, 1490, 530, 833)
6, 16, (1741, 1808, 366, 516)
7, 16, (979, 1015, 286, 376)
8, 16, (1608, 1710, 505, 760)
9, 16, (1614, 1705, 506, 671)
0, 17, (1557, 1716, 781, 1079)
1, 17, (319, 381, 349, 467)
2, 17, (1311, 1446, 538, 881)
3, 17, (1160, 1318, 964, 1080)
4, 17, (1630, 1743, 596, 830)
5, 17, (1411, 1489, 531, 830)
6, 17, (1741, 1808, 365, 516)
7, 17, (978, 1015, 284, 377)
8, 17, (1606, 1708, 505, 760)
9, 17, (1613, 1710, 505, 672)
0, 18, (1557, 1716, 780, 1079)
1, 18, (323, 386, 349, 479)
2, 18, (1310, 1442, 538, 883)
3, 18, (1160, 1317, 964, 1080)
4, 18, (1619, 1742, 600, 825)
5, 18, (1409, 1487, 531, 834)
6, 18, (1741, 1808, 365, 516)
7, 18, (978, 1016, 283, 377)
8, 18, (1605, 1707, 505, 760)
9, 18, (1613, 1710, 505, 672)
0, 19, (1557, 1714, 780, 1079)
1, 19, (327, 394, 349, 508)
2, 19, (1309, 1442, 540, 886)
3, 19, (1159, 1314, 964, 1080)
4, 19, (1619, 1741, 603, 821)
5, 19, (1406, 1488, 530, 836)
6, 19, (1739, 1809, 363, 517)
7, 19, (978, 1017, 283, 378)
8, 19, (1603, 1705, 505, 760)
9, 19, (1614, 1711, 505, 672)
0, 20, (1557, 1716, 779, 1079)
1, 20, (331, 400, 349, 525)
2, 20, (1307, 1440, 541, 886)
3, 20, (1158, 1314, 963, 1080)
4, 20, (1616, 1741, 604, 816)
5, 20, (1404, 1487, 532, 836)
6, 20, (1739, 1809, 363, 517)
7, 20, (979, 1015, 284, 378)
8, 20, (1602, 1704, 506, 761)
9, 20, (1615, 1712, 505, 672)
10, 20, (937, 981, 277, 388)
0, 21, (1558, 1715, 778, 1079)
1, 21, (334, 409, 344, 528)
2, 21, (1304, 1439, 543, 887)
3, 21, (1157, 1314, 963, 1080)
4, 21, (1608, 1740, 600, 851)
5, 21, (1399, 1486, 533, 839)
6, 21, (1739, 1810, 362, 520)
7, 21, (978, 1016, 282, 377)
8, 21, (1598, 1691, 511, 766)
9, 21, (1616, 1713, 505, 672)
10, 21, (940, 980, 275, 387)
0, 22, (1558, 1717, 779, 1079)
1, 22, (340, 419, 345, 525)
2, 22, (1299, 1437, 545, 886)
3, 22, (1157, 1314, 963, 1080)
4, 22, (1614, 1737, 593, 855)
5, 22, (1399, 1486, 533, 838)
6, 22, (1739, 1810, 362, 520)
7, 22, (978, 1015, 284, 378)
8, 22, (1597, 1690, 511, 763)
9, 22, (1617, 1714, 505, 672)
10, 22, (940, 979, 273, 388)
0, 23, (1558, 1719, 779, 1079)
1, 23, (341, 421, 345, 524)
2, 23, (1297, 1434, 546, 884)
3, 23, (1157, 1314, 963, 1080)
4, 23, (1611, 1735, 583, 849)
5, 23, (1397, 1485, 533, 836)
6, 23, (1739, 1810, 363, 520)
7, 23, (978, 1016, 284, 378)
8, 23, (1593, 1685, 512, 760)
9, 23, (1618, 1715, 505, 672)
10, 23, (941, 981, 281, 388)
0, 24, (1558, 1720, 777, 1079)
1, 24, (347, 426, 344, 519)
2, 24, (1296, 1435, 546, 882)
3, 24, (1158, 1314, 963, 1080)
4, 24, (1617, 1732, 577, 839)
5, 24, (1399, 1484, 535, 836)
6, 24, (1739, 1810, 363, 520)
7, 24, (977, 1014, 285, 377)
8, 24, (1592, 1682, 513, 757)
10, 24, (941, 979, 280, 387)
0, 25, (1558, 1721, 777, 1078)
1, 25, (353, 430, 339, 520)
2, 25, (1296, 1425, 546, 888)
3, 25, (1158, 1314, 963, 1080)
4, 25, (1610, 1728, 573, 828)
5, 25, (1394, 1481, 536, 837)
6, 25, (1739, 1810, 363, 520)
7, 25, (978, 1015, 284, 376)
8, 25, (1591, 1680, 513, 751)
10, 25, (941, 981, 278, 387)
0, 26, (1559, 1721, 777, 1079)
1, 26, (361, 430, 345, 513)
2, 26, (1295, 1423, 547, 888)
3, 26, (1157, 1314, 963, 1080)
4, 26, (1602, 1725, 568, 829)
5, 26, (1392, 1481, 537, 837)
6, 26, (1739, 1810, 363, 520)
7, 26, (978, 1014, 285, 375)
8, 26, (1590, 1679, 513, 748)
10, 26, (942, 981, 278, 388)
0, 27, (1559, 1721, 779, 1079)
1, 27, (367, 431, 340, 515)
2, 27, (1294, 1421, 548, 889)
3, 27, (1155, 1314, 963, 1080)
4, 27, (1600, 1723, 568, 832)
5, 27, (1391, 1482, 537, 839)
6, 27, (1739, 1810, 362, 520)
7, 27, (978, 1014, 283, 374)
8, 27, (1587, 1678, 512, 746)
10, 27, (944, 981, 279, 387)
0, 28, (1559, 1721, 782, 1079)
1, 28, (370, 433, 338, 515)
2, 28, (1294, 1420, 549, 889)
3, 28, (1155, 1315, 963, 1080)
4, 28, (1592, 1714, 613, 820)
5, 28, (1389, 1483, 538, 838)
6, 28, (1740, 1811, 363, 521)
7, 28, (978, 1014, 283, 374)
8, 28, (1585, 1677, 513, 744)
10, 28, (944, 980, 283, 385)
0, 29, (1559, 1721, 782, 1079)
1, 29, (374, 437, 335, 515)
2, 29, (1294, 1416, 544, 892)
3, 29, (1155, 1312, 964, 1080)
4, 29, (1597, 1715, 586, 828)
5, 29, (1389, 1483, 538, 837)
6, 29, (1739, 1810, 362, 520)
7, 29, (979, 1014, 283, 374)
8, 29, (1581, 1677, 513, 742)
10, 29, (946, 981, 285, 385)
0, 30, (1559, 1719, 783, 1079)
1, 30, (379, 441, 334, 515)
2, 30, (1293, 1419, 548, 889)
3, 30, (1155, 1313, 963, 1080)
4, 30, (1591, 1709, 587, 829)
5, 30, (1388, 1481, 539, 838)
6, 30, (1739, 1810, 363, 520)
7, 30, (981, 1016, 280, 372)
8, 30, (1580, 1676, 513, 745)
10, 30, (948, 981, 282, 384)
0, 31, (1559, 1722, 784, 1079)
1, 31, (381, 443, 336, 511)
2, 31, (1292, 1416, 545, 891)
3, 31, (1155, 1313, 964, 1080)
4, 31, (1588, 1706, 587, 829)
5, 31, (1388, 1480, 541, 836)
6, 31, (1740, 1811, 363, 520)
7, 31, (982, 1016, 281, 371)
8, 31, (1578, 1674, 511, 743)
10, 31, (949, 982, 285, 385)
0, 32, (1559, 1714, 783, 1079)
1, 32, (386, 446, 337, 509)
2, 32, (1292, 1418, 551, 889)
3, 32, (1155, 1313, 964, 1080)
4, 32, (1579, 1706, 601, 842)
5, 32, (1388, 1477, 542, 837)
6, 32, (1739, 1810, 362, 520)
7, 32, (982, 1016, 280, 370)
8, 32, (1576, 1672, 510, 742)
10, 32, (951, 981, 288, 384)
0, 33, (1559, 1716, 784, 1079)
1, 33, (390, 458, 335, 511)
2, 33, (1291, 1417, 548, 897)
3, 33, (1155, 1313, 964, 1080)
4, 33, (1575, 1702, 602, 843)
5, 33, (1388, 1476, 542, 837)
6, 33, (1739, 1810, 362, 520)
7, 33, (983, 1017, 279, 369)
8, 33, (1575, 1671, 509, 741)
10, 33, (951, 981, 288, 384)
0, 34, (1559, 1721, 783, 1079)
1, 34, (393, 465, 336, 510)
2, 34, (1289, 1416, 550, 900)
3, 34, (1154, 1313, 964, 1080)
4, 34, (1581, 1704, 624, 811)
5, 34, (1387, 1475, 544, 836)
6, 34, (1739, 1810, 362, 520)
7, 34, (983, 1017, 278, 368)
8, 34, (1583, 1670, 523, 672)
10, 34, (951, 981, 289, 383)
11, 34, (1656, 1721, 576, 789)
0, 35, (1559, 1719, 783, 1079)
1, 35, (393, 478, 336, 509)
2, 35, (1289, 1414, 551, 904)
3, 35, (1154, 1309, 964, 1080)
4, 35, (1577, 1700, 627, 814)
5, 35, (1384, 1476, 546, 841)
6, 35, (1739, 1810, 362, 520)
7, 35, (984, 1018, 277, 367)
8, 35, (1580, 1668, 524, 672)
10, 35, (951, 981, 289, 383)
11, 35, (1650, 1720, 576, 791)
0, 36, (1560, 1722, 783, 1079)
1, 36, (395, 480, 336, 510)
2, 36, (1288, 1413, 554, 904)
3, 36, (1154, 1309, 964, 1080)
4, 36, (1575, 1698, 629, 816)
5, 36, (1382, 1479, 546, 841)
6, 36, (1739, 1810, 362, 520)
7, 36, (985, 1019, 276, 366)
8, 36, (1579, 1667, 517, 665)
10, 36, (952, 982, 289, 383)
11, 36, (1655, 1721, 578, 787)
0, 37, (1559, 1717, 783, 1079)
1, 37, (399, 483, 337, 510)
2, 37, (1285, 1414, 556, 907)
3, 37, (1153, 1310, 964, 1080)
4, 37, (1572, 1695, 630, 817)
5, 37, (1380, 1478, 547, 840)
6, 37, (1739, 1810, 362, 520)
7, 37, (985, 1019, 276, 366)
8, 37, (1580, 1668, 527, 671)
10, 37, (952, 982, 290, 384)
11, 37, (1654, 1720, 578, 798)
0, 38, (1560, 1719, 783, 1079)
1, 38, (401, 488, 334, 508)
2, 38, (1285, 1413, 557, 910)
3, 38, (1153, 1310, 965, 1080)
4, 38, (1570, 1693, 631, 818)
5, 38, (1381, 1470, 546, 835)
6, 38, (1739, 1810, 362, 519)
8, 38, (1577, 1667, 526, 672)
10, 38, (953, 983, 290, 384)
11, 38, (1653, 1719, 580, 803)
0, 39, (1560, 1712, 785, 1079)
1, 39, (403, 482, 336, 507)
2, 39, (1283, 1413, 557, 912)
3, 39, (1153, 1310, 965, 1080)
4, 39, (1572, 1677, 622, 822)
5, 39, (1377, 1466, 546, 837)
6, 39, (1739, 1810, 362, 519)
8, 39, (1576, 1666, 522, 668)
10, 39, (953, 983, 291, 385)
11, 39, (1650, 1720, 580, 795)
0, 40, (1561, 1714, 788, 1079)
1, 40, (414, 484, 334, 504)
2, 40, (1283, 1412, 559, 911)
3, 40, (1152, 1310, 965, 1080)
4, 40, (1569, 1674, 622, 822)
5, 40, (1378, 1464, 547, 836)
6, 40, (1739, 1810, 362, 519)
8, 40, (1568, 1668, 524, 676)
10, 40, (954, 984, 291, 385)
11, 40, (1650, 1719, 581, 802)
0, 41, (1562, 1717, 791, 1079)
1, 41, (427, 491, 334, 503)
2, 41, (1282, 1411, 560, 914)
3, 41, (1150, 1309, 965, 1080)
4, 41, (1566, 1671, 623, 823)
5, 41, (1379, 1462, 547, 836)
6, 41, (1739, 1810, 362, 519)
8, 41, (1563, 1668, 526, 676)
11, 41, (1651, 1719, 582, 803)
0, 42, (1563, 1716, 794, 1080)
1, 42, (430, 493, 333, 503)
2, 42, (1282, 1411, 560, 915)
3, 42, (1150, 1309, 965, 1080)
4, 42, (1563, 1671, 626, 829)
5, 42, (1377, 1459, 547, 838)
6, 42, (1739, 1810, 362, 519)
8, 42, (1561, 1666, 525, 675)
11, 42, (1647, 1719, 581, 802)
0, 43, (1562, 1713, 794, 1079)
1, 43, (437, 498, 330, 502)
2, 43, (1282, 1410, 561, 918)
3, 43, (1152, 1309, 964, 1080)
4, 43, (1562, 1666, 629, 833)
5, 43, (1377, 1457, 549, 844)
6, 43, (1739, 1810, 362, 519)
8, 43, (1560, 1665, 526, 676)
11, 43, (1647, 1720, 583, 793)
0, 44, (1560, 1714, 795, 1078)
1, 44, (442, 504, 331, 503)
2, 44, (1282, 1411, 560, 918)
3, 44, (1152, 1310, 963, 1080)
4, 44, (1559, 1663, 629, 833)
5, 44, (1377, 1456, 549, 843)
6, 44, (1739, 1810, 362, 519)
8, 44, (1558, 1663, 526, 676)
11, 44, (1646, 1723, 583, 797)
0, 45, (1559, 1713, 794, 1078)
1, 45, (445, 508, 331, 502)
2, 45, (1283, 1411, 561, 920)
3, 45, (1151, 1310, 962, 1080)
4, 45, (1556, 1660, 631, 835)
5, 45, (1376, 1455, 550, 846)
6, 45, (1739, 1810, 362, 519)
8, 45, (1556, 1661, 527, 677)
11, 45, (1648, 1734, 585, 802)
0, 46, (1558, 1714, 796, 1080)
1, 46, (451, 513, 330, 501)
2, 46, (1282, 1412, 561, 920)
3, 46, (1151, 1309, 964, 1080)
4, 46, (1563, 1652, 652, 854)
5, 46, (1375, 1454, 551, 844)
6, 46, (1739, 1810, 362, 519)
8, 46, (1554, 1659, 527, 677)
11, 46, (1650, 1737, 586, 800)
0, 47, (1558, 1715, 796, 1079)
1, 47, (453, 517, 331, 501)
2, 47, (1283, 1411, 562, 921)
3, 47, (1152, 1310, 963, 1080)
4, 47, (1562, 1650, 652, 862)
5, 47, (1374, 1453, 552, 846)
6, 47, (1739, 1810, 362, 519)
8, 47, (1552, 1657, 528, 678)
11, 47, (1648, 1744, 586, 801)
0, 48, (1556, 1715, 797, 1079)
1, 48, (457, 527, 333, 500)
2, 48, (1283, 1409, 562, 922)
3, 48, (1151, 1310, 964, 1080)
4, 48, (1548, 1656, 658, 868)
5, 48, (1375, 1453, 553, 846)
6, 48, (1739, 1810, 362, 519)
8, 48, (1542, 1664, 529, 690)
11, 48, (1648, 1741, 588, 814)
0, 49, (1554, 1714, 798, 1079)
1, 49, (456, 532, 334, 500)
2, 49, (1282, 1411, 561, 921)
3, 49, (1151, 1312, 965, 1080)
4, 49, (1542, 1657, 652, 870)
5, 49, (1374, 1452, 553, 846)
6, 49, (1739, 1810, 362, 519)
8, 49, (1542, 1664, 530, 692)
11, 49, (1651, 1737, 591, 803)
0, 50, (1553, 1715, 798, 1079)
1, 50, (461, 534, 334, 496)
2, 50, (1282, 1413, 561, 924)
3, 50, (1151, 1309, 965, 1080)
4, 50, (1542, 1660, 643, 865)
5, 50, (1377, 1452, 555, 847)
6, 50, (1739, 1810, 362, 519)
8, 50, (1543, 1667, 534, 702)
11, 50, (1650, 1729, 594, 805)
0, 51, (1551, 1716, 798, 1079)
1, 51, (465, 537, 334, 497)
2, 51, (1280, 1413, 561, 926)
3, 51, (1151, 1307, 966, 1080)
4, 51, (1539, 1653, 642, 868)
5, 51, (1375, 1453, 556, 849)
6, 51, (1739, 1810, 362, 519)
8, 51, (1540, 1664, 534, 702)
11, 51, (1648, 1743, 594, 809)
0, 52, (1550, 1716, 797, 1079)
1, 52, (472, 538, 333, 494)
2, 52, (1279, 1413, 562, 929)
3, 52, (1151, 1307, 966, 1080)
4, 52, (1540, 1646, 644, 874)
5, 52, (1374, 1455, 557, 852)
6, 52, (1739, 1810, 362, 519)
8, 52, (1539, 1663, 537, 705)
11, 52, (1650, 1738, 598, 818)
0, 53, (1548, 1716, 799, 1079)
1, 53, (474, 541, 330, 496)
2, 53, (1278, 1412, 564, 930)
3, 53, (1151, 1308, 967, 1080)
4, 53, (1541, 1647, 647, 875)
5, 53, (1373, 1457, 558, 848)
6, 53, (1739, 1810, 362, 519)
8, 53, (1539, 1663, 539, 707)
11, 53, (1650, 1735, 598, 820)
0, 54, (1546, 1715, 799, 1078)
1, 54, (480, 540, 330, 494)
2, 54, (1278, 1408, 565, 933)
3, 54, (1151, 1307, 969, 1080)
4, 54, (1541, 1643, 646, 871)
5, 54, (1371, 1458, 559, 864)
6, 54, (1739, 1809, 362, 520)
8, 54, (1538, 1662, 542, 710)
11, 54, (1651, 1731, 597, 824)
0, 55, (1543, 1717, 795, 1079)
1, 55, (483, 543, 326, 492)
2, 55, (1276, 1407, 564, 935)
3, 55, (1151, 1307, 969, 1080)
4, 55, (1541, 1641, 657, 874)
5, 55, (1370, 1457, 560, 871)
6, 55, (1739, 1809, 362, 520)
8, 55, (1538, 1662, 545, 713)
11, 55, (1651, 1727, 598, 826)
0, 56, (1541, 1716, 798, 1079)
1, 56, (488, 547, 327, 492)
2, 56, (1274, 1404, 571, 933)
3, 56, (1151, 1307, 969, 1080)
4, 56, (1531, 1637, 659, 893)
5, 56, (1370, 1457, 561, 869)
6, 56, (1739, 1810, 362, 520)
8, 56, (1539, 1650, 543, 704)
11, 56, (1648, 1726, 599, 829)
0, 57, (1535, 1716, 801, 1080)
1, 57, (492, 548, 326, 487)
2, 57, (1270, 1405, 573, 946)
3, 57, (1150, 1306, 968, 1080)
4, 57, (1530, 1636, 657, 891)
5, 57, (1368, 1457, 561, 873)
6, 57, (1739, 1810, 362, 520)
8, 57, (1538, 1654, 543, 714)
11, 57, (1648, 1725, 599, 830)
0, 58, (1526, 1715, 801, 1080)
1, 58, (493, 550, 325, 487)
2, 58, (1267, 1405, 577, 947)
3, 58, (1146, 1305, 969, 1080)
4, 58, (1528, 1634, 661, 895)
5, 58, (1368, 1457, 562, 877)
6, 58, (1739, 1809, 362, 520)
8, 58, (1536, 1652, 543, 714)
11, 58, (1648, 1723, 599, 831)
0, 59, (1519, 1716, 799, 1080)
1, 59, (495, 555, 325, 488)
2, 59, (1269, 1398, 582, 946)
3, 59, (1146, 1306, 969, 1080)
4, 59, (1525, 1631, 665, 899)
5, 59, (1368, 1457, 561, 876)
6, 59, (1739, 1809, 362, 520)
8, 59, (1535, 1651, 545, 716)
11, 59, (1649, 1723, 600, 834)
0, 60, (1521, 1711, 805, 1080)
1, 60, (495, 560, 324, 490)
2, 60, (1265, 1398, 581, 943)
3, 60, (1144, 1303, 969, 1080)
4, 60, (1523, 1629, 669, 903)
5, 60, (1368, 1456, 562, 871)
6, 60, (1739, 1810, 362, 520)
8, 60, (1534, 1650, 547, 718)
11, 60, (1648, 1721, 599, 838)
0, 61, (1525, 1711, 806, 1080)
1, 61, (499, 570, 321, 489)
2, 61, (1263, 1396, 581, 945)
3, 61, (1144, 1303, 968, 1080)
4, 61, (1521, 1625, 661, 917)
5, 61, (1367, 1456, 562, 869)
6, 61, (1739, 1809, 362, 519)
8, 61, (1533, 1649, 549, 720)
11, 61, (1645, 1719, 602, 842)
0, 62, (1524, 1710, 807, 1080)
1, 62, (502, 576, 321, 486)
2, 62, (1262, 1395, 580, 945)
3, 62, (1143, 1301, 966, 1079)
4, 62, (1518, 1621, 662, 899)
5, 62, (1365, 1457, 563, 869)
6, 62, (1739, 1809, 362, 519)
8, 62, (1532, 1648, 551, 722)
11, 62, (1646, 1719, 603, 846)
0, 63, (1522, 1707, 808, 1080)
1, 63, (504, 579, 323, 487)
2, 63, (1259, 1395, 580, 945)
3, 63, (1142, 1301, 966, 1079)
4, 63, (1513, 1620, 661, 899)
5, 63, (1364, 1461, 563, 888)
6, 63, (1739, 1809, 362, 519)
8, 63, (1531, 1647, 553, 724)
11, 63, (1646, 1717, 603, 843)
0, 64, (1522, 1707, 810, 1080)
1, 64, (505, 581, 319, 486)
2, 64, (1256, 1391, 579, 947)
3, 64, (1141, 1302, 966, 1078)
4, 64, (1506, 1620, 657, 917)
5, 64, (1363, 1458, 565, 890)
6, 64, (1739, 1809, 362, 519)
11, 64, (1643, 1715, 607, 845)
12, 64, (515, 567, 326, 480)
0, 65, (1525, 1706, 813, 1080)
1, 65, (508, 580, 322, 486)
2, 65, (1257, 1391, 578, 947)
3, 65, (1140, 1302, 966, 1079)
4, 65, (1502, 1617, 657, 952)
5, 65, (1359, 1457, 566, 890)
6, 65, (1739, 1809, 362, 519)
11, 65, (1638, 1713, 610, 847)
12, 65, (515, 567, 326, 480)
0, 66, (1521, 1711, 814, 1080)
1, 66, (511, 580, 319, 487)
2, 66, (1252, 1387, 580, 949)
3, 66, (1140, 1302, 968, 1079)
4, 66, (1500, 1613, 659, 956)
5, 66, (1361, 1457, 567, 893)
6, 66, (1739, 1809, 362, 519)
11, 66, (1632, 1713, 610, 849)
12, 66, (515, 567, 326, 480)
0, 67, (1520, 1708, 814, 1080)
1, 67, (516, 583, 318, 482)
2, 67, (1250, 1385, 583, 950)
3, 67, (1140, 1302, 969, 1079)
4, 67, (1487, 1613, 662, 965)
5, 67, (1361, 1457, 568, 888)
6, 67, (1739, 1809, 362, 519)
11, 67, (1631, 1710, 611, 846)
12, 67, (515, 567, 326, 480)
13, 67, (1547, 1641, 552, 745)
0, 68, (1521, 1706, 815, 1080)
1, 68, (523, 588, 318, 480)
2, 68, (1249, 1382, 584, 946)
3, 68, (1140, 1302, 970, 1079)
4, 68, (1489, 1611, 662, 954)
5, 68, (1356, 1455, 570, 888)
6, 68, (1739, 1809, 362, 519)
11, 68, (1629, 1707, 614, 847)
12, 68, (515, 567, 326, 480)
13, 68, (1551, 1648, 554, 822)
0, 69, (1516, 1721, 818, 1080)
1, 69, (529, 589, 321, 481)
2, 69, (1248, 1381, 584, 947)
3, 69, (1140, 1298, 971, 1080)
4, 69, (1484, 1611, 659, 965)
5, 69, (1352, 1454, 572, 887)
6, 69, (1739, 1809, 362, 519)
11, 69, (1630, 1705, 614, 846)
12, 69, (515, 567, 326, 480)
13, 69, (1553, 1647, 558, 821)
14, 69, (1551, 1644, 557, 752)
0, 70, (1517, 1700, 822, 1079)
1, 70, (537, 592, 318, 481)
2, 70, (1245, 1380, 585, 949)
3, 70, (1140, 1298, 971, 1080)
4, 70, (1478, 1611, 660, 969)
5, 70, (1352, 1456, 571, 893)
6, 70, (1739, 1809, 362, 519)
11, 70, (1627, 1704, 615, 851)
12, 70, (515, 567, 326, 480)
13, 70, (1553, 1647, 560, 819)
14, 70, (1551, 1644, 557, 752)
0, 71, (1520, 1706, 824, 1080)
1, 71, (539, 597, 315, 478)
2, 71, (1244, 1384, 585, 948)
3, 71, (1140, 1298, 972, 1080)
4, 71, (1479, 1610, 658, 961)
5, 71, (1350, 1456, 571, 899)
6, 71, (1739, 1809, 362, 519)
11, 71, (1621, 1700, 616, 850)
13, 71, (1553, 1647, 565, 824)
14, 71, (1551, 1645, 561, 756)
0, 72, (1521, 1724, 824, 1079)
1, 72, (541, 597, 317, 478)
2, 72, (1244, 1383, 587, 948)
3, 72, (1142, 1298, 973, 1079)
4, 72, (1481, 1609, 661, 963)
5, 72, (1348, 1456, 570, 898)
6, 72, (1739, 1809, 362, 519)
11, 72, (1620, 1700, 618, 853)
13, 72, (1554, 1648, 569, 828)
14, 72, (1551, 1642, 562, 765)
0, 73, (1524, 1729, 827, 1077)
1, 73, (544, 608, 316, 478)
2, 73, (1244, 1380, 588, 951)
3, 73, (1143, 1298, 974, 1079)
4, 73, (1480, 1605, 661, 974)
5, 73, (1348, 1453, 572, 900)
6, 73, (1739, 1809, 362, 519)
11, 73, (1619, 1698, 618, 855)
13, 73, (1555, 1649, 573, 832)
14, 73, (1552, 1642, 562, 803)
0, 74, (1527, 1730, 826, 1077)
1, 74, (547, 613, 317, 476)
2, 74, (1247, 1383, 589, 953)
3, 74, (1145, 1298, 975, 1080)
4, 74, (1476, 1606, 664, 975)
5, 74, (1350, 1450, 574, 905)
6, 74, (1739, 1809, 362, 519)
11, 74, (1619, 1696, 619, 857)
13, 74, (1555, 1649, 576, 835)
14, 74, (1551, 1643, 561, 808)
0, 75, (1530, 1732, 827, 1078)
1, 75, (549, 616, 317, 474)
2, 75, (1247, 1382, 590, 956)
3, 75, (1149, 1298, 976, 1080)
4, 75, (1477, 1602, 669, 987)
5, 75, (1350, 1449, 580, 906)
6, 75, (1739, 1810, 362, 519)
11, 75, (1620, 1695, 618, 858)
13, 75, (1556, 1650, 580, 839)
14, 75, (1549, 1640, 562, 837)
0, 76, (1535, 1732, 830, 1080)
1, 76, (553, 615, 315, 473)
2, 76, (1247, 1381, 591, 958)
3, 76, (1151, 1298, 983, 1080)
4, 76, (1474, 1606, 668, 995)
5, 76, (1351, 1448, 582, 907)
6, 76, (1739, 1809, 362, 519)
11, 76, (1613, 1695, 620, 857)
13, 76, (1557, 1651, 584, 843)
14, 76, (1546, 1640, 562, 831)
0, 77, (1541, 1733, 830, 1080)
1, 77, (558, 618, 317, 471)
2, 77, (1247, 1387, 589, 963)
3, 77, (1155, 1299, 985, 1080)
4, 77, (1471, 1605, 671, 1005)
5, 77, (1352, 1446, 583, 904)
6, 77, (1739, 1809, 362, 519)
11, 77, (1613, 1694, 623, 836)
14, 77, (1545, 1641, 563, 844)
0, 78, (1539, 1734, 831, 1080)
1, 78, (560, 620, 316, 472)
2, 78, (1244, 1390, 591, 968)
3, 78, (1158, 1298, 986, 1080)
4, 78, (1468, 1607, 671, 1034)
5, 78, (1351, 1445, 584, 901)
6, 78, (1739, 1810, 362, 519)
11, 78, (1611, 1693, 627, 836)
14, 78, (1543, 1637, 564, 822)
0, 79, (1537, 1734, 830, 1080)
1, 79, (563, 621, 315, 471)
2, 79, (1248, 1392, 590, 967)
3, 79, (1164, 1300, 988, 1080)
4, 79, (1461, 1609, 676, 1038)
5, 79, (1352, 1444, 581, 904)
6, 79, (1739, 1810, 362, 519)
11, 79, (1599, 1693, 629, 836)
14, 79, (1540, 1637, 565, 788)
0, 80, (1542, 1734, 839, 1080)
1, 80, (565, 623, 316, 470)
2, 80, (1250, 1395, 591, 965)
3, 80, (1170, 1301, 990, 1080)
4, 80, (1470, 1604, 677, 1049)
5, 80, (1351, 1443, 582, 905)
6, 80, (1739, 1810, 362, 520)
11, 80, (1602, 1692, 632, 842)
14, 80, (1537, 1638, 567, 775)
0, 81, (1534, 1734, 841, 1080)
1, 81, (569, 625, 317, 468)
2, 81, (1251, 1397, 591, 965)
3, 81, (1175, 1303, 994, 1079)
4, 81, (1468, 1601, 677, 1053)
5, 81, (1350, 1442, 582, 905)
6, 81, (1739, 1810, 362, 520)
11, 81, (1608, 1689, 635, 846)
14, 81, (1536, 1642, 568, 832)
0, 82, (1522, 1734, 841, 1080)
1, 82, (572, 625, 315, 465)
2, 82, (1253, 1396, 593, 966)
3, 82, (1182, 1308, 997, 1079)
4, 82, (1469, 1595, 679, 1049)
5, 82, (1350, 1442, 583, 906)
6, 82, (1739, 1810, 362, 519)
11, 82, (1598, 1687, 642, 851)
14, 82, (1535, 1636, 569, 769)
0, 83, (1510, 1732, 838, 1080)
1, 83, (575, 628, 312, 462)
2, 83, (1254, 1396, 593, 966)
3, 83, (1197, 1309, 1001, 1079)
4, 83, (1473, 1594, 680, 1026)
5, 83, (1349, 1441, 583, 906)
6, 83, (1739, 1809, 362, 519)
11, 83, (1597, 1686, 642, 850)
14, 83, (1534, 1636, 572, 771)
0, 84, (1522, 1729, 837, 1077)
1, 84, (577, 630, 312, 457)
2, 84, (1252, 1404, 594, 966)
3, 84, (1209, 1313, 1003, 1080)
4, 84, (1470, 1594, 680, 1044)
5, 84, (1349, 1441, 583, 906)
6, 84, (1739, 1809, 362, 519)
11, 84, (1598, 1683, 643, 852)
14, 84, (1531, 1634, 575, 773)
0, 85, (1511, 1725, 840, 1077)
1, 85, (580, 630, 312, 456)
2, 85, (1256, 1406, 593, 966)
3, 85, (1212, 1315, 1004, 1079)
4, 85, (1465, 1592, 680, 1045)
5, 85, (1349, 1441, 584, 907)
6, 85, (1739, 1809, 362, 519)
11, 85, (1596, 1679, 642, 849)
14, 85, (1530, 1624, 577, 775)
0, 86, (1513, 1721, 841, 1077)
1, 86, (583, 635, 312, 455)
2, 86, (1258, 1407, 594, 965)
3, 86, (1217, 1321, 1006, 1080)
4, 86, (1444, 1591, 679, 1068)
6, 86, (1739, 1809, 362, 519)
11, 86, (1594, 1677, 639, 848)
14, 86, (1530, 1624, 580, 786)
0, 87, (1531, 1719, 837, 1077)
1, 87, (587, 636, 312, 454)
2, 87, (1253, 1414, 593, 965)
3, 87, (1221, 1322, 1007, 1080)
4, 87, (1436, 1591, 682, 1071)
6, 87, (1739, 1810, 362, 520)
11, 87, (1596, 1675, 642, 848)
14, 87, (1525, 1622, 581, 785)
0, 88, (1539, 1715, 841, 1077)
1, 88, (589, 637, 312, 458)
2, 88, (1255, 1417, 594, 966)
3, 88, (1226, 1323, 1008, 1080)
4, 88, (1440, 1591, 682, 1072)
6, 88, (1739, 1810, 362, 520)
11, 88, (1594, 1674, 638, 849)
14, 88, (1523, 1622, 582, 796)
0, 89, (1492, 1712, 841, 1077)
1, 89, (590, 644, 312, 462)
2, 89, (1255, 1419, 595, 966)
3, 89, (1231, 1328, 1009, 1081)
4, 89, (1432, 1589, 683, 1069)
6, 89, (1739, 1810, 362, 519)
11, 89, (1592, 1674, 639, 856)
14, 89, (1520, 1619, 582, 796)
0, 90, (1490, 1707, 841, 1078)
1, 90, (590, 649, 313, 469)
2, 90, (1265, 1424, 590, 967)
3, 90, (1235, 1332, 1010, 1082)
4, 90, (1390, 1589, 683, 1062)
6, 90, (1739, 1810, 362, 520)
11, 90, (1590, 1672, 643, 855)
14, 90, (1517, 1616, 585, 799)
0, 91, (1481, 1704, 835, 1077)
1, 91, (594, 651, 313, 466)
2, 91, (1270, 1426, 584, 968)
3, 91, (1240, 1337, 1010, 1082)
4, 91, (1402, 1585, 686, 1055)
6, 91, (1739, 1810, 362, 520)
11, 91, (1585, 1672, 647, 860)
14, 91, (1515, 1614, 588, 802)
0, 92, (1477, 1700, 834, 1079)
1, 92, (595, 651, 313, 462)
2, 92, (1273, 1426, 584, 969)
3, 92, (1242, 1341, 1013, 1080)
4, 92, (1391, 1582, 686, 1051)
6, 92, (1739, 1810, 362, 520)
11, 92, (1583, 1668, 652, 861)
14, 92, (1513, 1612, 591, 805)
0, 93, (1477, 1697, 840, 1079)
1, 93, (600, 652, 313, 460)
2, 93, (1274, 1428, 588, 973)
3, 93, (1246, 1345, 1013, 1080)
4, 93, (1399, 1582, 687, 1057)
6, 93, (1739, 1810, 362, 520)
11, 93, (1580, 1666, 654, 884)
14, 93, (1511, 1610, 594, 808)
0, 94, (1476, 1697, 843, 1079)
1, 94, (603, 655, 314, 457)
2, 94, (1277, 1428, 593, 974)
3, 94, (1250, 1349, 1014, 1081)
4, 94, (1399, 1577, 692, 1056)
6, 94, (1739, 1810, 362, 520)
11, 94, (1579, 1664, 658, 898)
14, 94, (1508, 1607, 597, 811)
0, 95, (1477, 1696, 844, 1080)
1, 95, (605, 658, 314, 457)
2, 95, (1280, 1428, 591, 974)
3, 95, (1254, 1353, 1014, 1081)
4, 95, (1395, 1572, 691, 1054)
6, 95, (1739, 1809, 362, 520)
11, 95, (1576, 1657, 661, 869)
0, 96, (1478, 1695, 845, 1080)
1, 96, (611, 661, 313, 456)
2, 96, (1283, 1428, 598, 974)
3, 96, (1257, 1356, 1015, 1082)
4, 96, (1402, 1569, 697, 1052)
6, 96, (1739, 1810, 362, 520)
11, 96, (1572, 1653, 662, 869)
0, 97, (1481, 1694, 846, 1080)
1, 97, (613, 664, 315, 456)
2, 97, (1283, 1430, 599, 976)
3, 97, (1261, 1360, 1016, 1083)
4, 97, (1402, 1567, 699, 1052)
6, 97, (1739, 1809, 362, 520)
11, 97, (1571, 1650, 663, 868)
0, 98, (1482, 1694, 849, 1079)
1, 98, (612, 668, 312, 455)
2, 98, (1284, 1424, 596, 964)
3, 98, (1265, 1364, 1016, 1083)
4, 98, (1406, 1567, 699, 1052)
6, 98, (1739, 1809, 362, 520)
11, 98, (1567, 1649, 665, 884)
0, 99, (1486, 1693, 849, 1079)
1, 99, (615, 671, 313, 454)
2, 99, (1285, 1432, 596, 974)
4, 99, (1411, 1567, 701, 1054)
6, 99, (1739, 1809, 362, 520)
11, 99, (1563, 1647, 665, 888)
0, 100, (1486, 1692, 848, 1080)
1, 100, (617, 672, 315, 457)
2, 100, (1286, 1436, 597, 972)
4, 100, (1427, 1564, 702, 1052)
6, 100, (1739, 1809, 362, 520)
11, 100, (1563, 1646, 665, 887)
0, 101, (1486, 1692, 849, 1080)
1, 101, (620, 675, 314, 456)
2, 101, (1284, 1405, 600, 960)
4, 101, (1432, 1563, 703, 1053)
6, 101, (1739, 1809, 362, 520)
11, 101, (1562, 1646, 665, 900)
0, 102, (1487, 1690, 850, 1079)
1, 102, (623, 681, 315, 456)
2, 102, (1285, 1399, 601, 966)
4, 102, (1435, 1561, 704, 1057)
6, 102, (1739, 1809, 362, 519)
11, 102, (1560, 1646, 669, 895)
0, 102, (1487, 1690, 850, 1079)
1, 102, (624, 682, 315, 456)
2, 102, (1284, 1398, 599, 964)
4, 102, (1438, 1564, 704, 1057)
6, 102, (1738, 1808, 362, 519)
11, 102, (1557, 1643, 672, 898)
0, 102, (1488, 1691, 850, 1079)
1, 102, (627, 685, 315, 456)
2, 102, (1281, 1395, 599, 964)
4, 102, (1440, 1566, 705, 1058)
6, 102, (1738, 1808, 362, 519)
11, 102, (1556, 1642, 674, 900)
0, 102, (1488, 1691, 851, 1080)
1, 102, (630, 688, 315, 456)
2, 102, (1277, 1391, 599, 964)
4, 102, (1443, 1569, 706, 1059)
6, 102, (1738, 1808, 361, 518)
11, 102, (1555, 1641, 676, 902)
0, 102, (1488, 1691, 851, 1080)
1, 102, (633, 691, 315, 456)
2, 102, (1273, 1387, 598, 963)
4, 102, (1446, 1572, 707, 1060)
6, 102, (1738, 1808, 361, 518)
11, 102, (1553, 1639, 679, 905)
0, 102, (1488, 1691, 851, 1080)
1, 102, (636, 694, 315, 456)
2, 102, (1270, 1384, 598, 963)
4, 102, (1448, 1574, 708, 1061)
6, 102, (1738, 1808, 361, 518)
11, 102, (1552, 1638, 681, 907)
0, 102, (1489, 1692, 851, 1080)
1, 102, (639, 697, 316, 457)
2, 102, (1266, 1380, 598, 963)
4, 102, (1451, 1577, 709, 1062)
6, 102, (1738, 1808, 361, 518)
11, 102, (1550, 1636, 684, 910)
